20 10
-35 -36 -15 -12 4 -15 -11 -41 -28 26 
44 40 46 8 -31 6 -45 45 15 -23 
38 -22 5 -6 0 8 -20 11 -42 3 
-5 -15 24 -45 23 34 23 -4 10 3 
2 -29 48 42 -33 11 35 43 50 -25 
26 -35 -35 -36 -6 -38 -15 -19 32 -1 
27 -16 -24 2 -6 30 -1 -15 32 1 
45 33 -5 -24 -21 35 20 -24 3 -46 
-34 49 43 19 -17 -14 34 29 3 35 
18 27 13 -20 -12 -10 -50 -28 32 16 
-22 20 -8 42 -24 -43 15 20 4 -41 
5 -18 22 -49 -6 22 43 -5 -10 -17 
-2 -47 -40 1 35 -22 32 -35 -10 20 
47 -46 -39 -46 1 15 5 1 -34 -45 
47 30 -5 46 -18 -20 25 15 -13 49 
16 -29 2 28 42 32 37 -27 -38 0 
-36 -27 -47 27 35 -30 -46 48 41 23 
34 35 28 38 -22 -18 -8 -36 -47 -50 
5 8 -34 22 26 -26 26 25 18 -4 
37 21 9 -6 43 -13 -44 -31 26 -34 